94
1 5.21667 46.2
2 3.61667 49.5667
3 3.33333 46.5667
4 6.23639 44.0933
5 6.08333 44.5667
6 7.25 43.7
7 4.6 44.7333
8 4.71667 49.7667
9 1.6 42.9667
10 4.08333 48.3
11 2.35 43.2167
12 2.56667 44.3333
13 5.37639 43.2967
14 -0.35 49.1833
15 2.45 44.9167
16 0.15 45.65
17 -1.15 46.1667
18 2.4 47.0833
19 1.76667 45.2667
21 5.01667 47.3167
22 -2.78333 48.5167
23 1.86667 46.1667
24 0.716667 45.1833
25 6.03333 47.25
26 4.9 44.9333
27 1.15 49.0167
28 1.5 48.45
29 -4.1 48
30 4.35 43.8333
31 1.43333 43.6
32 0.583333 43.65
33 -0.566667 44.8333
34 3.88333 43.6
35 -1.68333 48.0833
36 1.7 46.8167
37 0.683333 47.3833
38 5.71667 45.1667
39 5.5 47.1
40 -0.5 43.8833
41 1.33333 47.5833
42 4.4 45.4333
43 3.88583 45.0442
44 -1.55 47.2167
45 1.9 47.9167
46 1.43333 44.4333
47 0.633333 44.2
48 3.5 44.5167
49 -0.533333 47.5333
50 -1.65 49.65
51 4.36667 48.9583
52 5.13333 48.1167
53 -0.766667 48.0667
54 6.2 48.6833
55 5.16667 48.7833
56 -2.75 47.6667
57 6.16667 49.1333
58 3.16667 46.9833
59 3.06667 50.6333
60 2.08333 49.4333
61 0.083333 48.4333
62 2.78333 50.2833
63 3.08333 45.7833
64 -0.366667 43.3
65 0.083333 43.2333
66 2.88333 42.6833
67 7.75 48.5833
68 7.36667 48.0833
69 4.84139 45.7589
70 6.16667 47.6333
71 4.85 46.7833
72 0.2 48
73 5.93333 45.5667
74 6.11667 45.9
75 2.34445 48.86
76 1.08333 49.4333
77 2.66667 48.5333
78 2.13333 48.8
79 -0.466667 46.3167
80 2.3 49.9
81 2.25 43.6
82 1.35 44.0167
83 5.93333 43.1167
84 4.81667 43.95
85 -1.43333 46.6667
86 0.333333 46.5833
87 1.25 45.85
88 6.45 48.1833
89 3.56667 47.8
90 6.86667 47.6333
91 2.45 48.6333
92 2.2 48.9
93 2.45 48.9
94 2.46667 48.7833
95 2.25 48.95
1 39 71 69 38 73 74
2 59 80 60 77 51 8
3 58 18 23 63 42 71
4 5 26 84 83 6
5 73 38 26 4
6 4 83
7 42 43 48 30 81 26
8 2 51 55
9 66 11 31
10 51 77 89 21 52
11 34 81 31 9 66
12 15 46 82 81 34 30 48
13 83 84 30
14 27 61 50
15 63 19 46 12 48 43
16 87 86 79 17 24
17 33 24 16 79 85
18 45 41 26 23 3 58
19 23 87 24 46 15 63
21 10 89 58 71 39 70 52
22 29 56 35
23 18 36 87 19 63 3
24 16 17 33 47 46 19 87
25 90 70 39
26 38 42 7 84 4 5
27 14 61 28 78 95 60 76
28 27 61 72 41 45 91 78
29 22 56
30 13 84 7 48 12 34
31 9 11 81 82 32 65
32 47 40 64 65 31 82
33 40 47 24 17
34 30 12 81 11
35 50 53 49 44 56 22
36 18 41 37 86 87 23
37 72 49 86 36 41
38 73 1 69 42 7 26 5
39 25 70 21 71 1
40 64 32 47 33
41 28 72 37 36 18 45
42 71 3 63 43 7 38 69
43 42 63 15 48 7
44 85 49 35 56
45 77 91 28 41 18 58 89
46 19 24 47 82 12 15
47 24 33 40 32 82 46
48 43 15 12 30 7
49 53 35 44 85 79 86 37 72
50 35 53 61 14
51 8 2 77 10 52 55
52 55 21 10 21 70 88
53 61 50 35 49 72
54 55 88 67 57
55 8 51 52 88 54
56 44 35 22 29
57 54 67
58 89 45 18 3 71 21
59 62 80 2
60 80 76 27 95 77 2
61 14 50 53 72 28 27
62 80 59
63 3 23 19 15 43 42
64 65 32 40
65 31 32 64
66 9 11
67 57 54 88 68
68 67 88 90
69 1 71 42 38
70 88 52 21 39 25 90
71 21 58 3 42 69 1 39
72 61 53 49 37 41 28
73 74 1 38 5
74 1 73
75 92 93 94
76 14 27 60 80
77 95 93 94 91 89 10 51 2
78 95 27 28 91 92
79 49 85 86 17 16
80 76 60 2 59 62
81 12 82 31 11 34
82 46 47 32 31 81 12
83 6 4 84 13
84 26 7 30 13 83 4
85 17 79 49 44
86 37 49 79 16 87 36
87 36 89 16 24 19 23
88 54 55 52 70 68 67
89 77 45 58 21 10
90 68 70 25
91 28 45 77 94 92 78
92 75 93 94 95 78 91
93 95 78 92 75 77
94 77 93 75 92 91
95 60 27 78 92 93
